18111.0
12748.0
10367.0
8524.0
8208.0
7911.0
7794.0
7405.0
6691.0
6359.0
6129.0
5173.0
5008.0
4962.0
4516.0
4258.0
4004.0
3907.0
3880.0
3779.0
3503.0
3463.0
3438.0
3421.0
3194.0
3060.0
3025.0
2939.0
2923.0
2718.0
2695.0
2693.0
2679.0
2623.0
2613.0
2581.0
2569.0
2552.0
2527.0
2508.0
2499.0
2372.0
2331.0
2328.0
2261.0
2244.0
2241.0
2241.0
2216.0
2141.0
2128.0
2113.0
2093.0
2084.0
2062.0
2039.0
2039.0
1985.0
1978.0
1973.0
1966.0
1959.0
1950.0
1912.0
1904.0
1892.0
1852.0
1850.0
1848.0
1828.0
1810.0
1804.0
1772.0
1706.0
1687.0
1677.0
1662.0
1628.0
1611.0
1606.0
1568.0
1552.0
1546.0
1546.0
1537.0
1499.0
1467.0
1443.0
1429.0
1428.0
1417.0
1403.0
1378.0
1364.0
1358.0
1354.0
1339.0
1333.0
1325.0
1303.0
1293.0
1286.0
1261.0
1251.0
1249.0
1248.0
1246.0
1241.0
1239.0
1238.0
1234.0
1228.0
1219.0
1211.0
1206.0
1193.0
1184.0
1167.0
1157.0
1152.0
1147.0
1134.0
1134.0
1131.0
1130.0
1126.0
1111.0
1106.0
1103.0
1093.0
1090.0
1075.0
1070.0
1051.0
1038.0
1035.0
1030.0
1020.0
1001.0
997.0
979.0
977.0
973.0
972.0
953.0
921.0
919.0
913.0
912.0
912.0
909.0
899.0
896.0
888.0
877.0
874.0
865.0
859.0
858.0
855.0
850.0
845.0
844.0
832.0
827.0
822.0
822.0
813.0
813.0
810.0
809.0
803.0
766.0
762.0
762.0
758.0
758.0
749.0
728.0
727.0
725.0
724.0
717.0
712.0
707.0
706.0
705.0
688.0
683.0
681.0
672.0
671.0
670.0
664.0
664.0
663.0
657.0
652.0
652.0
649.0
648.0
644.0
643.0
643.0
640.0
639.0
635.0
631.0
627.0
626.0
622.0
620.0
608.0
607.0
605.0
604.0
603.0
603.0
591.0
589.0
589.0
589.0
582.0
578.0
573.0
573.0
573.0
568.0
566.0
564.0
564.0
562.0
560.0
559.0
556.0
555.0
554.0
553.0
551.0
548.0
547.0
545.0
542.0
538.0
536.0
536.0
527.0
523.0
523.0
514.0
510.0
505.0
505.0
503.0
503.0
502.0
500.0
500.0
498.0
497.0
496.0
496.0
487.0
479.0
476.0
476.0
475.0
475.0
472.0
472.0
470.0
470.0
469.0
466.0
465.0
459.0
458.0
457.0
456.0
456.0
454.0
452.0
451.0
449.0
447.0
446.0
444.0
443.0
443.0
443.0
442.0
439.0
439.0
435.0
435.0
433.0
430.0
429.0
426.0
426.0
422.0
422.0
421.0
421.0
418.0
417.0
415.0
413.0
413.0
410.0
409.0
407.0
407.0
406.0
406.0
404.0
403.0
402.0
400.0
400.0
399.0
398.0
398.0
396.0
396.0
395.0
390.0
389.0
386.0
386.0
385.0
382.0
381.0
377.0
377.0
376.0
376.0
376.0
375.0
374.0
374.0
374.0
372.0
372.0
372.0
371.0
371.0
368.0
367.0
366.0
366.0
365.0
362.0
362.0
360.0
359.0
354.0
354.0
352.0
351.0
350.0
348.0
348.0
347.0
346.0
344.0
343.0
343.0
342.0
341.0
340.0
338.0
335.0
334.0
333.0
333.0
332.0
331.0
331.0
330.0
328.0
328.0
327.0
326.0
323.0
322.0
322.0
321.0
320.0
319.0
319.0
319.0
318.0
313.0
311.0
311.0
310.0
309.0
309.0
308.0
308.0
303.0
303.0
302.0
300.0
300.0
298.0
296.0
296.0
293.0
292.0
290.0
289.0
289.0
287.0
286.0
286.0
286.0
285.0
284.0
283.0
282.0
280.0
278.0
274.0
273.0
272.0
272.0
272.0
271.0
270.0
269.0
269.0
268.0
268.0
268.0
266.0
264.0
264.0
262.0
260.0
260.0
260.0
259.0
258.0
258.0
257.0
255.0
255.0
254.0
254.0
254.0
254.0
250.0
249.0
248.0
245.0
245.0
245.0
244.0
243.0
243.0
243.0
243.0
243.0
242.0
242.0
242.0
241.0
241.0
241.0
237.0
236.0
236.0
235.0
234.0
231.0
231.0
231.0
230.0
230.0
230.0
229.0
228.0
228.0
227.0
226.0
225.0
224.0
224.0
224.0
224.0
224.0
223.0
222.0
222.0
222.0
222.0
221.0
220.0
219.0
219.0
215.0
215.0
215.0
214.0
214.0
214.0
213.0
213.0
213.0
212.0
212.0
210.0
210.0
209.0
208.0
207.0
207.0
207.0
207.0
206.0
206.0
205.0
205.0
204.0
203.0
202.0
202.0
199.0
199.0
199.0
198.0
197.0
196.0
195.0
195.0
194.0
193.0
193.0
192.0
192.0
191.0
191.0
191.0
190.0
190.0
189.0
189.0
188.0
187.0
186.0
186.0
185.0
185.0
184.0
184.0
184.0
184.0
182.0
182.0
182.0
182.0
180.0
180.0
180.0
180.0
180.0
179.0
179.0
179.0
179.0
178.0
178.0
177.0
177.0
177.0
176.0
176.0
176.0
176.0
176.0
176.0
176.0
175.0
174.0
174.0
173.0
173.0
172.0
172.0
172.0
171.0
171.0
171.0
171.0
171.0
171.0
171.0
171.0
170.0
170.0
170.0
169.0
169.0
169.0
168.0
168.0
167.0
166.0
166.0
166.0
165.0
165.0
165.0
165.0
163.0
163.0
162.0
162.0
161.0
161.0
161.0
160.0
160.0
159.0
159.0
158.0
158.0
157.0
157.0
157.0
156.0
155.0
154.0
154.0
153.0
153.0
152.0
152.0
152.0
151.0
151.0
151.0
150.0
149.0
149.0
149.0
148.0
148.0
147.0
147.0
146.0
146.0
145.0
145.0
145.0
145.0
145.0
145.0
144.0
144.0
144.0
143.0
143.0
143.0
142.0
142.0
142.0
142.0
141.0
140.0
140.0
140.0
140.0
140.0
140.0
140.0
140.0
140.0
139.0
139.0
138.0
138.0
138.0
138.0
137.0
137.0
136.0
136.0
136.0
135.0
134.0
134.0
133.0
133.0
133.0
132.0
132.0
132.0
131.0
131.0
130.0
129.0
129.0
129.0
129.0
128.0
127.0
127.0
127.0
126.0
126.0
126.0
125.0
124.0
123.0
122.0
122.0
122.0
122.0
121.0
121.0
120.0
120.0
120.0
119.0
119.0
119.0
118.0
118.0
117.0
117.0
117.0
117.0
117.0
117.0
116.0
116.0
116.0
115.0
115.0
115.0
115.0
115.0
115.0
115.0
115.0
115.0
115.0
114.0
114.0
114.0
114.0
114.0
114.0
113.0
113.0
113.0
113.0
113.0
113.0
113.0
113.0
113.0
113.0
113.0
113.0
112.0
112.0
112.0
112.0
112.0
111.0
111.0
111.0
110.0
110.0
110.0
109.0
109.0
109.0
109.0
109.0
109.0
109.0
108.0
108.0
107.0
107.0
107.0
107.0
107.0
106.0
106.0
106.0
105.0
105.0
104.0
104.0
104.0
104.0
104.0
104.0
103.0
103.0
103.0
103.0
103.0
103.0
102.0
102.0
102.0
101.0
101.0
101.0
101.0
101.0
100.0
100.0
99.5
99.3
98.9
98.7
98.3
98.2
97.9
97.1
96.9
96.8
96.7
96.7
96.6
96.4
96.3
95.6
95.0
94.9
94.0
93.9
93.9
93.8
93.7
93.7
93.5
93.5
93.1
92.8
92.8
92.7
92.4
92.4
91.9
91.7
91.6
91.4
91.4
91.3
91.2
90.6
90.2
89.7
89.4
89.3
89.1
88.7
88.6
88.6
88.6
88.6
88.3
88.1
88.1
87.8
87.7
87.5
87.5
87.5
87.5
87.4
87.2
87.1
87.0
86.6
86.3
86.1
86.1
85.5
85.5
85.4
85.3
85.2
85.1
85.0
85.0
84.8
84.7
84.1
84.0
83.9
83.9
83.9
83.8
83.6
83.6
83.5
83.2
83.2
83.0
82.8
82.7
82.5
82.5
82.5
82.2
81.9
81.7
81.7
81.6
81.3
81.3
81.0
81.0
80.7
80.7
80.7
80.5
79.8
79.7
79.5
79.5
79.4
79.2
79.1
79.1
79.0
78.9
78.7
78.7
78.6
78.3
78.2
78.1
78.0
77.9
77.5
77.1
76.8
76.6
76.4
76.2
76.1
75.8
75.6
75.4
75.0
75.0
74.5
74.2
73.9
73.5
73.3
73.3
73.2
72.9
72.8
72.6
72.4
71.9
71.8
71.7
71.6
71.0
70.9
70.8
70.6
70.6
70.4
70.4
70.3
70.3
70.1
70.0
69.9
69.9
69.7
69.6
69.3
69.2
69.2
68.9
68.9
68.9
68.8
68.8
68.7
68.3
68.2
68.1
68.1
68.1
68.0
67.9
67.8
67.7
67.7
67.4
67.1
67.1
66.9
66.8
66.7
66.7
66.7
66.4
66.3
66.2
66.1
66.0
65.9
65.9
65.7
65.6
65.5
65.2
65.2
65.2
64.9
64.9
64.5
64.5
64.3
64.3
64.2
64.0
63.8
63.7
63.3
63.2
62.5
62.5
62.3
62.2
62.0
61.9
61.6
61.6
61.4
61.4
61.4
61.1
61.1
61.1
61.0
61.0
60.9
60.8
60.8
60.7
60.6
60.6
60.5
59.7
59.6
59.6
59.4
59.3
59.1
59.1
59.0
59.0
59.0
58.7
58.6
58.5
58.4
58.3
58.3
58.1
58.1
57.8
57.7
57.7
57.7
57.5
57.2
57.1
56.6
56.6
56.6
56.6
56.5
56.5
56.4
55.9
55.8
55.6
55.6
55.5
55.3
55.0
55.0
54.9
54.8
54.6
54.6
54.5
54.2
54.1
54.1
54.0
54.0
53.7
53.6
53.6
53.6
53.4
53.4
53.4
53.3
53.2
53.2
53.0
52.7
52.7
52.5
52.5
52.4
52.3
52.2
52.0
51.9
51.8
51.7
51.6
51.6
51.4
51.4
51.3
51.2
51.1
51.1
51.0
51.0
50.8
50.8
50.7
50.7
50.5
50.5
50.5
50.4
50.4
50.4
50.3
50.3
50.2
50.1
50.1
49.9
49.9
49.9
49.8
49.7
49.7
49.6
49.5
49.5
49.5
49.4
49.3
49.2
49.1
49.1
49.0
48.9
48.8
48.7
48.7
48.6
48.4
48.3
48.1
48.1
48.0
48.0
47.9
47.8
47.6
47.6
47.5
47.5
47.4
47.3
47.2
47.1
46.9
46.8
46.7
46.6
46.2
46.1
46.0
45.9
45.9
45.8
45.8
45.4
45.4
45.3
45.3
45.3
45.2
45.2
45.1
44.9
44.8
44.8
44.7
44.7
44.6
44.5
44.4
44.2
44.2
44.0
43.8
43.6
43.5
43.4
43.4
43.2
43.1
43.0
42.9
42.8
42.8
42.8
42.7
42.7
42.5
42.5
42.4
42.4
42.3
42.3
42.2
42.1
42.0
42.0
41.9
41.9
41.7
41.7
41.6
41.6
41.5
41.5
41.5
41.4
41.4
41.4
41.4
41.4
41.3
41.2
40.9
40.8
40.7
40.6
40.6
40.5
40.4
40.4
40.4
40.3
40.2
40.2
40.2
40.1
40.0
39.8
39.7
39.6
39.5
39.3
39.3
39.2
39.2
39.1
39.0
39.0
38.9
38.8
38.8
38.7
38.6
38.6
38.6
38.4
38.4
38.4
38.4
38.3
38.3
38.1
38.0
38.0
38.0
37.8
37.8
37.7
37.7
37.6
37.6
37.6
37.5
37.4
37.4
37.3
37.3
37.2
37.2
37.2
37.1
37.1
37.0
37.0
37.0
36.9
36.8
36.8
36.7
36.6
36.5
36.4
36.4
36.3
36.3
36.3
36.2
36.1
36.0
36.0
35.9
35.9
35.9
35.9
35.8
35.8
35.7
35.7
35.6
35.5
35.3
35.3
35.2
35.1
35.1
35.1
35.0
34.9
34.9
34.8
34.4
34.2
34.2
34.0
34.0
33.9
33.9
33.9
33.8
33.8
33.8
33.7
33.6
33.5
33.5
33.5
33.5
33.4
33.4
33.4
33.3
33.3
33.3
33.2
33.2
33.2
33.1
33.0
32.9
32.9
32.8
32.8
32.7
32.6
32.4
32.3
32.3
32.1
32.0
31.9
31.9
31.9
31.8
31.7
31.6
31.5
31.5
31.5
31.5
31.5
31.4
31.4
31.3
31.2
31.1
31.0
30.9
30.9
30.9
30.9
30.8
30.5
30.5
30.4
30.4
30.4
30.4
30.4
30.4
30.2
30.1
30.1
30.1
30.0
30.0
29.9
29.9
29.8
29.8
29.8
29.8
29.8
29.8
29.7
29.7
29.7
29.6
29.6
29.5
29.5
29.4
29.3
29.3
29.3
29.3
29.2
29.1
29.1
29.0
29.0
29.0
28.9
28.9
28.8
28.7
28.7
28.7
28.6
28.6
28.5
28.5
28.3
28.3
28.3
28.3
28.2
28.2
28.2
28.2
28.1
28.0
28.0
27.9
27.8
27.6
27.5
27.5
27.5
27.4
27.4
27.3
27.3
27.2
27.2
27.2
27.2
27.1
27.1
27.0
27.0
26.9
26.8
26.8
26.8
26.7
26.7
26.7
26.7
26.5
26.5
26.4
26.3
26.3
26.2
26.2
26.1
26.1
26.1
26.0
26.0
26.0
25.9
25.9
25.9
25.9
25.9
25.8
25.8
25.7
25.7
25.6
25.6
25.6
25.5
25.4
25.3
25.3
25.2
25.2
25.2
25.1
25.0
25.0
25.0
24.9
24.8
24.8
24.8
24.7
24.6
24.5
24.5
24.5
24.5
24.5
24.4
24.4
24.4
24.4
24.3
24.2
24.1
24.0
24.0
24.0
23.9
23.9
23.9
23.9
23.8
23.8
23.8
23.7
23.7
23.7
23.7
23.7
23.6
23.6
23.6
23.5
23.5
23.5
23.5
23.5
23.4
23.4
23.4
23.3
23.3
23.3
23.2
23.2
23.2
23.1
23.1
23.1
23.0
23.0
23.0
23.0
23.0
22.9
22.8
22.8
22.8
22.7
22.7
22.7
22.7
22.7
22.6
22.6
22.5
22.5
22.5
22.4
22.4
22.3
22.3
22.2
22.2
22.2
22.2
22.2
22.2
22.1
22.1
22.0
22.0
21.9
21.9
21.9
21.9
21.9
21.8
21.8
21.8
21.7
21.7
21.7
21.6
21.6
21.6
21.5
21.5
21.3
21.2
21.2
21.2
21.1
21.1
21.0
20.9
20.9
20.8
20.8
20.8
20.8
20.7
20.7
20.7
20.5
20.5
20.5
20.4
20.4
20.4
20.3
20.3
20.3
20.3
20.2
20.2
20.2
20.2
20.1
20.1
20.1
20.0
20.0
19.9
19.9
19.9
19.9
19.9
19.8
19.7
19.6
19.6
19.5
19.5
19.4
19.3
19.3
19.2
19.2
19.2
19.2
19.1
19.0
19.0
19.0
19.0
18.9
18.9
18.8
18.8
18.8
18.8
18.7
18.6
18.5
18.5
18.5
18.5
18.4
18.4
18.4
18.4
18.3
18.3
18.3
18.3
18.2
18.1
18.0
17.9
17.9
17.9
17.9
17.9
17.9
17.8
17.8
17.8
17.8
17.7
17.7
17.7
17.6
17.6
17.6
17.6
17.6
17.5
17.5
17.5
17.5
17.5
17.5
17.4
17.4
17.4
17.4
17.3
17.3
17.3
17.3
17.2
17.2
17.2
17.2
17.2
17.2
17.1
17.1
17.1
17.1
17.1
17.1
17.1
17.1
17.0
17.0
17.0
16.9
16.9
16.9
16.8
16.8
16.7
16.7
16.7
16.7
16.6
16.6
16.6
16.6
16.6
16.6
16.6
16.5
16.5
16.5
16.5
16.5
16.4
16.4
16.3
16.3
16.3
16.3
16.3
16.3
16.2
16.2
16.2
16.1
16.1
16.1
16.1
16.1
16.1
16.1
16.0
16.0
16.0
16.0
16.0
16.0
16.0
15.9
15.9
15.9
15.9
15.8
15.8
15.8
15.8
15.7
15.7
15.7
15.7
15.7
15.7
15.7
15.6
15.6
15.6
15.4
15.4
15.3
15.3
15.3
15.3
15.3
15.2
15.2
15.2
15.1
15.1
15.1
15.1
15.1
14.9
14.8
14.8
14.8
14.8
14.8
14.8
14.8
14.8
14.7
14.7
14.7
14.6
14.6
14.6
14.5
14.5
14.5
14.5
14.4
14.4
14.4
14.4
14.4
14.4
14.4
14.4
14.4
14.3
14.3
14.3
14.3
14.3
14.3
14.3
14.2
14.2
14.2
14.1
14.1
14.1
14.0
14.0
14.0
14.0
13.9
13.9
13.9
13.9
13.9
13.9
13.8
13.8
13.8
13.8
13.7
13.7
13.7
13.7
13.7
13.6
13.6
13.6
13.6
13.6
13.6
13.6
13.6
13.4
13.4
13.4
13.4
13.3
13.3
13.3
13.3
13.2
13.2
13.2
13.2
13.2
13.2
13.1
13.0
13.0
13.0
13.0
13.0
13.0
13.0
13.0
13.0
12.9
12.9
12.9
12.8
12.8
12.8
12.8
12.8
12.8
12.7
12.7
12.6
12.6
12.6
12.6
12.6
12.6
12.6
12.5
12.5
12.5
12.5
12.5
12.5
12.4
12.4
12.4
12.4
12.3
12.3
12.3
12.3
12.3
12.3
12.3
12.3
12.3
12.2
12.2
12.2
12.2
12.1
12.1
12.1
12.1
12.1
12.1
12.0
12.0
12.0
12.0
12.0
12.0
11.9
11.9
11.9
11.9
11.8
11.8
11.8
11.7
11.7
11.6
11.6
11.6
11.6
11.5
11.5
11.5
11.5
11.5
11.5
11.5
11.4
11.4
11.4
11.4
11.4
11.4
11.4
11.4
11.3
11.3
11.3
11.3
11.2
11.2
11.1
11.1
11.0
11.0
11.0
11.0
10.9
10.9
10.9
10.9
10.9
10.9
10.9
10.9
10.8
10.8
10.8
10.8
10.8
10.8
10.7
10.7
10.7
10.7
10.7
10.7
10.7
10.7
10.7
10.7
10.7
10.6
10.6
10.6
10.6
10.6
10.5
10.5
10.5
10.5
10.5
10.5
10.5
10.5
10.5
10.4
10.4
10.4
10.4
10.4
10.4
10.4
10.4
10.3
10.3
10.3
10.3
10.2
10.2
10.2
10.2
10.2
10.2
10.2
10.2
10.2
10.1
10.1
10.1
10.1
10.0
10.0
10.0
10.0
10.0
10.0
10.0
10.35
10.31
10.28
10.27
10.24
10.23
10.22
10.18
10.17
10.16
10.15
10.15
10.14
10.12
10.12
10.09
10.07
10.06
10.05
10.04
9.6
9.6
9.57
9.54
9.52
9.49
9.48
9.47
9.47
9.47
9.45
9.44
9.42
9.42
9.38
9.37
9.34
9.31
9.3
9.27
9.26
9.23
9.23
9.17
9.15
9.13
9.1
9.09
9.06
9.02
9.38
9.36
9.34
9.33
9.32
9.28
9.28
9.26
9.24
9.22
9.21
8.8
9.17
9.16
9.15
9.15
9.13
9.12
9.09
9.08
9.08
9.07
9.06
9.05
9.03
8.6
8.6
8.57
8.56
8.56
8.52
8.52
8.51
8.5
8.49
8.47
8.45
8.43
8.43
8.41
8.41
8.4
8.4
8.38
8.37
8.37
8.34
8.34
8.33
8.32
8.32
8.3
8.29
8.29
8.28
8.27
8.26
8.26
8.25
8.25
8.24
8.24
8.23
8.21
8.2
8.2
8.19
8.18
8.18
8.16
8.15
8.1
8.1
8.09
8.08
8.07
8.03
8.03
8.02
8.02
8.38
8.37
8.35
8.34
8.31
7.9
7.9
8.27
8.26
8.26
8.24
8.22
8.21
8.18
8.17
8.14
8.12
8.12
8.11
7.7
8.08
8.03
8.03
7.6
7.56
7.56
7.55
7.54
7.53
7.52
7.5
7.49
7.49
7.48
7.48
7.48
7.48
7.46
7.45
7.43
7.42
7.4
7.39
7.38
7.38
7.38
7.37
7.37
7.36
7.36
7.36
7.34
7.34
7.34
7.32
7.32
7.32
7.3
7.3
7.28
7.28
7.27
7.23
7.22
7.22
7.22
7.21
7.21
7.19
7.18
7.17
7.16
7.16
7.15
7.15
7.12
7.08
7.07
7.06
7.06
7.0
7.0
7.37
7.36
7.35
7.35
7.34
7.31
7.28
7.28
7.27
7.26
7.25
7.25
7.23
7.21
7.19
7.17
7.16
7.12
7.11
6.7
7.09
7.09
7.08
7.08
7.06
7.04
6.58
6.57
6.57
6.56
6.56
6.56
6.54
6.54
6.53
6.52
6.52
6.51
6.5
6.48
6.47
6.47
6.47
6.45
6.45
6.44
6.44
6.44
6.43
6.43
6.42
6.41
6.39
6.39
6.39
6.38
6.38
6.37
6.37
6.32
6.31
6.3
6.3
6.27
6.24
6.24
6.23
6.22
6.2
6.19
6.17
6.17
6.17
6.15
6.13
6.13
6.12
6.12
6.1
6.1
6.1
6.09
6.07
6.07
6.06
6.06
6.05
6.05
6.01
6.01
6.38
6.37
6.37
6.35
6.33
6.32
6.31
6.31
6.29
6.28
6.27
6.27
6.25
6.25
6.23
6.23
6.22
6.22
6.18
6.18
6.17
6.17
6.15
6.15
6.15
6.12
6.11
6.11
6.09
6.06
6.05
6.05
6.05
6.05
6.04
6.02
6.01
5.6
5.6
5.6
5.59
5.58
5.58
5.56
5.54
5.54
5.53
5.52
5.52
5.52
5.51
5.5
5.49
5.49
5.49
5.49
5.48
5.47
5.46
5.46
5.45
5.41
5.41
5.4
5.39
5.38
5.38
5.38
5.37
5.37
5.36
5.35
5.35
5.35
5.33
5.29
5.29
5.28
5.27
5.27
5.25
5.25
5.25
5.24
5.24
5.23
5.22
5.21
5.2
5.2
5.19
5.19
5.18
5.18
5.18
5.16
5.16
5.15
5.15
5.15
5.14
5.14
5.13
5.13
5.11
5.1
5.1
5.1
5.08
5.07
5.06
5.06
5.05
5.05
5.05
5.05
5.04
5.04
5.03
5.01
5.39
5.39
5.38
5.36
5.36
5.35
5.34
5.34
5.33
5.33
5.31
4.9
5.27
5.25
5.25
5.24
5.22
5.21
4.8
5.19
5.19
5.18
5.14
5.14
5.13
5.11
5.11
5.11
4.7
5.09
5.09
5.07
5.06
5.06
5.05
5.04
5.04
5.04
5.04
5.02
5.01
4.6
4.6
4.58
4.56
4.55
4.55
4.55
4.54
4.54
4.53
4.49
4.49
4.47
4.47
4.47
4.47
4.46
4.46
4.45
4.45
4.44
4.44
4.43
4.42
4.42
4.41
4.41
4.41
4.39
4.38
4.37
4.37
4.37
4.37
4.35
4.34
4.34
4.34
4.34
4.33
4.32
4.32
4.32
4.31
4.3
4.3
4.3
4.3
4.29
4.28
4.27
4.27
4.25
4.24
4.24
4.23
4.22
4.22
4.21
4.19
4.12
4.12
4.1
4.09
4.08
4.06
4.04
4.04
4.04
4.02
4.01
4.0
4.0
4.39
4.38
4.36
4.36
4.35
4.34
4.32
4.31
3.9
4.29
4.28
4.27
4.26
4.25
4.21
3.8
4.18
4.17
4.17
4.15
3.7
3.7
4.08
4.08
4.08
4.08
4.08
4.08
4.07
4.05
4.04
4.04
4.04
4.04
4.03
4.02
4.02
4.01
3.6
3.6
3.6
3.58
3.57
3.57
3.57
3.57
3.56
3.55
3.54
3.53
3.52
3.51
3.51
3.51
3.48
3.48
3.47
3.47
3.47
3.45
3.44
3.43
3.42
3.41
3.41
3.41
3.41
3.41
3.41
3.41
3.37
3.37
3.37
3.36
3.35
3.35
3.33
3.33
3.32
3.32
3.32
3.32
3.31
3.31
3.3
3.29
3.29
3.27
3.25
3.24
3.24
3.23
3.2
3.18
3.17
3.17
3.17
3.16
3.16
3.15
3.13
3.13
3.1
3.1
3.1
3.1
3.09
3.08
3.08
3.08
3.07
3.07
3.06
3.05
3.04
3.04
3.02
3.02
3.0
3.0
3.0
3.39
3.39
3.39
3.38
3.37
3.36
3.36
3.36
3.33
3.33
3.33
3.33
3.32
3.32
3.32
3.31
3.31
3.29
3.27
3.27
3.27
3.26
3.26
3.26
3.26
3.25
3.24
3.24
3.23
3.23
3.22
3.21
3.21
2.8
2.8
3.18
3.18
3.16
3.15
3.15
3.15
3.14
3.14
3.13
3.12
2.7
3.07
3.06
3.06
3.05
3.05
3.05
3.04
3.03
3.03
3.02
3.02
2.6
2.6
2.6
2.6
2.59
2.58
2.58
2.57
2.57
2.57
2.57
2.56
2.55
2.55
2.55
2.52
2.52
2.5
2.5
2.5
2.5
2.49
2.49
2.48
2.48
2.48
2.48
2.48
2.48
2.48
2.47
2.47
2.46
2.46
2.45
2.45
2.44
2.43
2.43
2.42
2.4
2.39
2.39
2.39
2.38
2.38
2.37
2.37
2.36
2.35
2.34
2.33
2.33
2.32
2.32
2.32
2.3
2.3
2.3
2.3
2.29
2.28
2.28
2.27
2.27
2.27
2.26
2.24
2.24
2.24
2.24
2.24
2.23
2.22
2.22
2.22
2.2
2.2
2.19
2.19
2.19
2.19
2.19
2.18
2.18
2.17
2.16
2.15
2.15
2.15
2.15
2.14
2.14
2.13
2.11
2.11
2.1
2.1
2.1
2.1
2.1
2.09
2.08
2.08
2.07
2.07
2.05
2.05
2.05
2.05
2.04
2.04
2.03
2.03
2.02
2.02
2.01
2.0
2.39
2.39
2.39
2.38
2.38
2.37
2.37
2.37
2.36
2.36
2.36
2.35
2.34
2.34
2.32
2.32
2.32
2.32
2.32
2.31
1.9
1.9
2.29
2.29
2.29
2.27
2.26
2.26
2.26
2.26
2.26
2.25
2.25
2.25
2.24
2.23
2.23
2.23
2.22
2.22
2.22
2.22
2.21
2.21
2.21
2.21
1.8
2.19
2.19
2.19
2.18
2.17
2.17
2.17
2.16
2.16
2.16
2.16
2.14
2.14
2.13
2.12
2.12
2.11
2.11
1.7
1.7
1.7
1.7
1.7
2.09
2.09
2.09
2.08
2.08
2.08
2.07
2.07
2.06
2.06
2.06
2.06
2.05
2.05
2.05
2.05
2.04
2.04
2.04
2.04
2.04
2.04
2.03
2.02
2.02
2.02
2.02
2.02
2.02
2.01
2.01
1.6
1.59
1.59
1.59
1.57
1.57
1.56
1.56
1.56
1.56
1.55
1.55
1.54
1.53
1.53
1.53
1.53
1.53
1.53
1.52
1.52
1.52
1.51
1.5
1.5
1.5
1.49
1.49
1.49
1.49
1.47
1.47
1.47
1.46
1.45
1.45
1.45
1.45
1.44
1.44
1.43
1.43
1.42
1.42
1.41
1.4
1.39
1.38
1.38
1.38
1.38
1.38
1.37
1.36
1.36
1.35
1.35
1.35
1.34
1.33
1.33
1.32
1.32
1.32
1.31
1.3
1.3
1.29
1.28
1.28
1.28
1.27
1.27
1.26
1.26
1.26
1.26
1.25
1.24
1.23
1.23
1.22
1.22
1.22
1.22
1.21
1.21
1.2
1.2
1.19
1.19
1.19
1.19
1.18
1.18
1.18
1.18
1.18
1.18
1.18
1.18
1.17
1.17
1.17
1.17
1.15
1.15
1.15
1.15
1.15
1.15
1.13
1.12
1.12
1.1
1.1
1.1
1.09
1.09
1.09
1.09
1.09
1.08
1.08
1.08
1.07
1.07
1.06
1.06
1.06
1.06
1.06
1.05
1.04
1.03
1.03
1.02
1.02
1.02
1.01
1.01
1.01
1.0
1.0
16.35
16.34
16.31
16.31
16.26
16.22
16.21
16.14
16.12
16.04
16.02
15.59
15.58
1.35
15.47
15.32
1.33
15.28
15.26
15.16
15.15
15.14
15.11
15.11
15.06
15.03
15.02
14.58
14.53
14.53
14.45
14.43
14.35
14.35
14.33
14.26
14.25
14.23
14.19
14.17
14.14
14.13
14.11
1.25
14.06
14.01
1.24
13.59
13.58
13.56
13.55
13.54
1.23
13.49
13.46
13.44
13.44
13.43
13.33
1.21
1.21
13.27
13.26
13.26
13.25
13.21
13.17
13.14
13.14
1.19
13.04
13.03
13.01
12.59
12.57
12.51
1.17
12.45
12.39
12.35
12.32
12.31
12.31
12.29
12.22
12.22
12.19
12.14
12.13
12.13
12.09
12.09
12.06
1.11
1.11
11.48
11.46
11.44
11.41
11.41
0.7
11.37
11.34
11.25
11.24
11.24
11.21
11.19
11.18
11.13
11.12
11.09
11.08
11.07
11.06
11.05
11.03
11.01
10.57
10.55
10.54
10.51
10.47
10.47
10.46
10.38
10.38
10.37
10.35
10.32
10.24
10.24
10.23
10.04
10.01
0.6
9.59
9.59
9.56
9.54
9.53
9.52
0.59
9.44
9.43
9.43
0.58
9.39
9.35
9.35
9.32
9.29
9.28
9.27
9.27
9.26
9.26
9.25
9.24
0.56
9.18
9.18
9.12
9.11
9.11
9.07
9.06
9.06
9.04
8.59
8.56
8.55
8.53
8.52
8.52
8.51
8.47
8.43
8.42
8.41
0.52
0.52
8.39
8.38
8.37
8.36
8.32
8.27
8.23
0.5
8.19
8.15
8.09
8.09
8.07
8.02
7.59
7.58
7.55
7.54
7.52
7.52
7.52
0.47
7.49
7.44
7.44
7.38
7.35
7.35
7.34
7.32
7.29
7.29
7.27
7.26
7.26
7.23
7.21
7.21
0.44
7.17
7.13
7.11
7.09
7.08
7.03
7.02
7.01
6.59
6.56
6.54
0.41
6.49
6.46
6.45
6.45
6.41
6.39
6.36
6.34
6.33
6.31
0.39
6.27
6.23
6.21
6.18
6.16
6.14
6.14
0.37
0.37
6.09
6.05
6.04
6.02
0.36
5.59
5.58
5.57
5.55
5.53
0.35
5.49
5.48
5.41
0.34
5.36
5.35
5.34
5.33
5.31
5.31
5.31
0.33
5.28
5.27
5.25
5.22
5.22
5.21
5.19
5.14
5.13
5.12
5.09
5.08
5.05
5.03
5.03
5.03
5.03
0.3
0.3
0.3
4.57
4.57
4.48
4.48
4.46
4.45
4.42
0.28
0.28
4.38
4.38
4.38
4.37
4.35
4.33
4.33
4.28
4.27
4.26
4.25
4.23
4.21
4.21
4.19
4.19
4.18
4.17
4.16
4.15
4.06
4.03
4.02
4.02
4.01
3.56
3.55
3.53
3.53
3.53
3.52
3.51
3.51
0.23
3.49
3.47
3.43
3.43
0.22
0.22
3.39
3.38
3.36
3.36
3.33
3.33
3.33
3.33
3.28
3.26
3.22
3.22
3.22
3.22
0.2
3.17
3.17
3.16
3.16
3.16
3.16
3.15
3.15
3.13
3.12
3.12
3.12
0.19
0.19
3.09
3.09
3.09
3.08
3.07
3.06
3.05
3.03
3.02
2.58
2.57
2.56
2.55
2.54
2.54
2.52
0.17
2.48
2.48
2.45
2.44
2.43
2.39
2.39
2.39
2.38
2.38
2.36
2.32
2.32
2.27
2.27
2.27
2.27
2.26
2.21
2.19
2.18
2.18
2.15
2.13
2.13
2.13
0.13
0.13
2.07
2.07
2.07
2.07
2.06
2.02
2.01
2.01
2.01
2.01
2.01
1.56
1.56
1.56
1.55
1.54
1.54
1.51
0.11
0.11
1.46
1.46
1.44
1.44
1.43
1.43
0.1
1.39
1.39
1.39
1.38
1.37
1.37
1.37
1.37
1.37
1.36
1.35
1.31
0.09
1.29
1.26
1.23
1.22
0.08
0.08
0.08
1.19
1.17
1.17
1.17
1.15
1.15
1.15
1.15
1.14
1.13
1.12
1.12
1.12
1.11
0.07
1.09
1.06
1.04
1.03
1.03
1.02
1.01
0.06
0.58
0.58
0.57
0.56
0.56
0.54
0.53
0.53
0.53
0.49
0.48
0.48
0.48
0.46
0.46
0.46
0.45
0.41
0.04
0.39
0.39
0.38
0.35
0.35
0.31
0.31
0.03
0.26
0.24
0.23
0.02
0.02
0.12
0.08
0.03
0.02
0.02